888
27866
14622
14132
13333
10644
12465
20378
15688
15600
17955
14710
13154
10644
10066
20799
20443
15843
13132
14888
13311
10510
15422
16999
18378
14888
17377
16443
17844
28644
18199
34887
17932
17977
33132
17533
41755
16777
15644
17311
19200
19022
23932
22887
32020
36955
23911
15799
26954
21355
50043
33799
19887
22866
33888
20466
22777
16088
39687
41022
17733
16798
18355
34688
17244
19466
19665
31110
21577
26354
32554
18910
16377
43376
15822
20554
21621
17178
16399
18154
20355
21399
18510
23510
39910
16221
16710
58486
33066
34710
38288
41488
80310
44732
14554
36843
52731
17421
19867
20533
56532
89998
93709
54664
69666
35244
37977
93086
82443
89976
86353
87109
93842
125220
111841
14311
147219
115753
276816
138484
32198
83242
86310
88243
15421
99064
148441
30199
120931
122442
165841
162086
34576
34644
15021
33822
46220
31266
36999
37910
135842
176773
32620
36710
38510
17510
17643
16910
20066
20332
180774
21332
19688
17398
19044
20467
30154
29288
157684
219373
164018
190084
22022
14577
15067
101086
99819
90643
22844
195151
18511
20421
156463
17355
48199
16910
262016
212061
214218
216994
222529
516945
228950
21799
24532
18222
16578
19222
20222
15444
17377
16821
161884
17288
18088
17533
17176
25288
28221
17755
24889
18666
18399
19044
21710
29421
32443
49377
38887
16399
15666
18622
59798
33777
53088
33021
73598
73753
53110
146929
17910
156019
169862
27154
30088
154485
99508
103353
18376
18044
20955
21577
16021
16310
20821
22111
24999
25200
16399
17688
18355
18888
21644
54043
38643
39510
41643
42220
51932
45998
50355
52154
52976
73020
61598
17554
18598
47022
40599
107220
263660
45554
55999
27710
132308
97886
30910
33754
23977
29977
156085
24087
14822
118330
14799
15955
190017
38331
20866
187196
17355
17088
137108
143241
28287
15799
18132
14288
243306
239416
230862
19154
17022
17288
146886
16288
174307
220951
238239
223440
196440
458967
291260
28266
123931
257906
18488
18422
21154
22844
95864
110908
90175
101086
105952
232062
218640
116330
117063
129574
140974
308593
135796
145485
348392
381769
165129
175507
331926
281238
169107
184374
15444
289348
243572
370102
24310
256749
314259
33266
234416
196462
320460
277572
263550
217862
549277
18577
17911
20666
37821
19866
15288
16888
27176
16377
15688
19532
19644
290038
35599
32176
34688
37377
18243
18111
16488
589454
22798
22822
31420
30154
32354
17398
19443
131886
18999
202906
260572
46021
209018
48332
169596
35599
37555
205862
223062
47242
464590
18399
246240
23556
16555
16510
155352
146751
148041
18266
20155
19888
343371
44421
27865
18910
28132
380746
57687
37820
54488
41755
55243
41688
53398
42376
64266
43509
49243
49443
344925
18399
206707
18399
20178
21843
25021
35466
28710
287482
59065
59265
93308
55864
84909
78288
86132
61488
63732
23109
19533
448524
44688
77798
69309
62487
21799
31066
172308
35065
32398
18310
397458
313794
429124
38066
41020
315637
427635
32377
27000
70220
54554
57664
