784813
152248
87331
83497
112167
144913
166747
244156
69750
175918
235588
333580
98001
76747
74664
68917
114997
76248
74250
107082
96916
96498
75582
66915
79830
65749
68746
62581
111915
2599366
329157
192159
96165
167166
2184705
205240
281245
1190380
112495
145494
686070
286830
408658
1735708
555070
365242
238576
258745
256747
250996
1185394
227074
111249
257076
242496
138996
122665
155079
207490
247329
199413
118912
143743
233496
314995
127579
117081
129996
222993
162832
117000
126580
114916
146745
157914
188662
126076
112495
229662
113913
124582
162828
309159
250330
108918
88996
243328
390996
401152
490576
359815
211909
1451295
663570
271903
2286940
136417
204160
123079
188748
548487
1901952
949140
2005623
657234
3115773
1425721
766746
1378003
1116324
743908
1723297
696078
2147634
712566
560241
598999
345996
918139
962896
505651
457821
1045413
137245
245821
695241
4654723
1501893
558661
4379310
1774044
3161848
7060563
4633186
3445452
3977235
6056059
1115901
770818
1151140
556987
3674002
3232755
337248
154246
132084
142168
200497
381658
396904
3851163
3210174
7620592
3757869
2173194
2076466
899140
847242
1621215
467824
983866
2009115
1433461
1040301
767389
565483
376236
236245
561240
2499196
1876968
470731
2217330
1396561
3262522
354744
551236
486994
1423872
573745
914215
630571
950823
997398
131913
154165
233748
122580
144576
138748
202999
157162
148077
129163
126081
170163
264249
364585
227155
127327
103828
110250
192996
266998
338251
389916
231403
195583
237915
161995
194917
313996
421749
603985
418333
760968
1669072
1343533
629059
463743
371574
917892
1857456
1543050
457992
438246
2459385
918558
468157
362497
171495
523570
172912
226998
226584
256833
297832
1719211
146331
237829
132412
143667
314158
629140
1808959
1366218
297832
1102810
313582
212166
220842
606150
349839
629055
307570
124749
771984
506749
401490
532728
508243
272326
370570
405823
1562517
328486
622246
790150
436072
465984
2635776
1324570
445648
13286466
1054053
303246
1218307
576828
418410
266823
1317388
248998
2396538
3434571
5098284
721818
10908913
941467
657481
823072
274077
150912
1850206
430992
636561
2024622
639922
442489
565488
567409
641070
856224
348246
398736
988641
2918191
838980
238324
157576
347157
785232
423648
386572
623475
877072
2196630
547488
921973
796554
938646
1020127
896229
1024560
665734
1056496
954166
1016568
962149
1516221
1425055
3253698
697905
717403
1125720
1083694
1698111
790398
901471
404077
582736
715063
543235
683563
561645
212994
808816
379818
7505662
16355047
3247524
12694324
4119295
1389370
4407669
16313841
4059814
4655074
846895
504571
3174345
8595922
2433357
1513206
9889348
3062272
5126215
1593355
16638403
6487272
10007716
19537362
13895329
10709019
5957568
6026157
13145130
8769307
10760791
3254260
4469337
3535735
7978212
3674911
3172851
1125472
3801492
11230843
3130186
5482422
3801690
11746566
135747
155407
669321
769977
484569
383742
3897405
514732
2427871
18501358
19902600
18330660
14651023
17302599
17943489
18736357
14103360
4545819
10703362
18669235
18856327
3256168
1431144
5105137
7328250
13278249
17383954
15266682
7297497
17542075
13228155
5061415
6910663
1375060
1960713
1505857
4606123
18037800
13084236
6495102
15031638
2005182
16511053
17588394
18236061
9371938
18261778
16362000
16252542
16607088
19012437
16502697
15379024
3514680
4885857
17873073
3287686
10906884
283243
553981
1858383
16049767
15979648
9592816
6160302
7319169
3856140
3839067
9861336
2200950
596731
