699399
115582
95418
71163
118746
114997
109741
117661
62248
170829
97749
59413
48501
49081
54414
50080
134581
98248
93996
56335
47002
56331
55750
53829
57168
55665
121081
84249
114745
620572
175000
94081
72918
148171
122832
168745
116496
136165
104080
133330
138163
125586
348660
194746
219825
203742
91917
186831
222408
343818
212409
135747
191911
115911
90913
158998
117162
132498
155416
163665
202243
127917
218412
169663
131328
162832
133578
110497
120667
129663
112414
103414
90828
171076
155578
133501
99661
125163
111082
111834
164083
207324
158670
155412
155331
94999
212989
308569
275242
235075
323491
172165
1327725
102915
276831
367744
113998
319824
105831
150493
271075
317169
744475
350248
363910
1229391
310495
515335
375493
442246
588339
656982
298408
144495
142245
353826
173079
577012
475992
3040015
225162
788481
154917
138582
435577
410823
668997
337162
408159
292077
410823
295411
889236
138082
762732
612472
667224
391990
343408
395487
238324
914908
388080
186493
537898
132079
146164
158080
240493
304411
263659
583317
156082
265410
195741
504490
346072
352080
834907
384484
182250
317416
317749
121995
286245
171504
193747
164331
582579
175999
162495
319905
254745
539239
148081
335821
518908
388408
420408
421573
598072
558823
424156
154332
121828
347328
138910
127165
126499
125329
151168
155745
524574
111078
147330
162247
285502
236668
154579
161415
138163
130414
974479
173745
224991
219249
187915
2646531
156744
171828
167323
229747
318582
271818
342994
351333
447831
629568
422577
140413
223249
351000
400909
207499
286078
575734
160245
170248
217912
129582
159664
158827
220914
174501
187164
250830
253494
146578
140746
127998
115416
161748
319995
199161
197082
238243
185746
230580
346819
228001
240331
413496
389403
352156
190246
134829
193995
194908
396400
293409
207580
248323
215329
332824
188572
239746
245659
192915
201748
472401
315072
163660
172746
1485378
162081
221827
205744
193072
217746
166077
155916
319990
376834
429237
168246
176908
158998
326488
306918
167827
154579
124164
414657
281074
375898
581823
233910
318240
226498
303912
357331
260158
320242
316003
410985
407578
175243
179577
184747
490239
930393
759730
382671
406669
403488
512982
224073
449163
410332
697986
555489
702819
450162
1492794
600898
572076
406156
470736
332910
444150
420997
1645380
446989
224158
594405
165748
580077
260415
242991
475326
448911
368248
401980
175828
217489
231655
457236
331992
1536786
500998
1388475
1000129
2642944
2742520
1701625
1160397
992898
1165041
1099894
2757190
2441371
2649024
2049786
2668320
5456533
2083063
1588581
4762251
3128949
636651
2366779
2749486
325237
3190657
13432936
5909971
2114365
4090576
527575
2604528
449572
474322
2793775
655483
2874681
2267316
3739959
3754255
12723903
3381925
5406795
4969926
4425642
704065
518152
201078
168664
139909
182911
628992
4687465
1121283
8246038
1606891
674055
821817
2310210
3162969
1223208
3584790
3735315
17125641
9000049
415327
402655
489901
3722418
1344046
3005572
892062
649570
248494
411574
429322
709996
523075
456912
896724
1306246
1017225
524335
6000187
3072595
1822248
2031903
3290328
9226651
5074227
4044496
20315470
6594678
6810687
973642
506569
543168
3803661
10956573
3519909
9999747
5362249
5369463
2462350
1626781
176994
2262438
4681215
366237
722484
704398
1720543
335569
654079
