27643
15744
16972
18753
11116
14582
18225
24268
22843
32707
30048
15643
16785
10848
12355
13694
18412
11640
11812
15820
16795
9600
12264
14750
15820
9158
12542
14668
45326
49603
65860
33585
13248
34488
74472
30825
88622
132705
10934
16891
21864
23721
32443
97512
53702
86923
30316
27556
33787
51196
111283
45681
12182
14126
18052
22852
30129
56966
39811
48888
17054
12273
38140
42312
119899
16622
17424
19008
10843
16080
15100
20352
14222
14664
17241
23481
24801
11640
15465
17947
21062
28968
34137
36878
36187
10305
39576
51811
54302
61060
62841
136545
141403
42940
82756
88612
56265
11644
15110
85598
152721
166204
177806
159638
243657
299486
154488
160780
156124
145406
128635
186662
198297
224404
183384
174216
225873
373406
265948
291720
270120
114384
243484
47193
157224
296769
395280
290121
210739
260803
353880
584716
504873
410827
417700
642638
447926
402057
367017
321235
324724
524078
475560
41409
47640
11736
16891
22128
25060
313209
624259
573729
663412
673776
493420
498912
491846
288115
317961
298752
378120
543724
297235
492129
210057
187200
184449
161774
341371
526478
488534
268804
549499
634108
493392
319905
442920
372768
487440
364272
491304
440649
571118
413140
18398
14217
15993
17961
22747
15196
20352
21412
21422
15465
21230
23203
38121
46747
50313
14928
14846
21590
34214
37776
52795
72528
80721
87993
69321
13958
20275
92971
83798
111201
73598
335040
633288
271838
428256
434140
319459
425740
844867
594984
229603
285844
263788
265680
273422
210278
27643
184756
26683
24168
28886
36537
40262
43104
10488
14664
20620
191750
105427
118737
116179
69153
81969
86750
89505
99278
109694
119011
119904
127915
133857
21067
106238
141408
162235
196348
164203
63825
79123
288465
327566
199694
224544
71587
33960
318360
650851
435916
311467
1198065
442219
298756
453960
452044
361334
283915
14750
201484
664430
966057
992160
288547
1198449
512587
417201
472425
389419
13780
15206
236889
268176
244065
650409
316444
406161
427992
564422
558172
599491
355104
592200
512817
270950
515121
20798
187324
228979
179976
172987
202497
361996
459864
433214
225398
240960
241416
278227
287011
297518
280804
388694
308380
332534
638390
600873
682780
538900
452102
610084
1011124
993201
1009161
601761
656323
503092
570388
493195
853156
694084
616593
482035
599188
827529
1730995
1820750
1597776
1613006
1334851
886094
1471876
1871947
1722705
981528
657964
686942
1270387
1507190
499214
964636
1355294
887712
1457659
864768
1792963
1699708
1592049
1785225
1561185
1013404
952060
1025107
1139568
1151913
1336176
923299
1222382
1111401
1243593
1074283
912936
553051
1151510
1440700
1025846
1078123
1217049
1195152
19824
24710
704246
654379
338611
331833
802867
409416
952132
1964918
1987358
1952121
1915252
1917273
1927689
2030294
1857048
1107192
1699948
1976308
2059588
1380820
767779
1110657
1322001
1902681
1908331
2167838
1806633
2105097
2154043
1940040
2186193
1314835
1259366
1241534
1807560
2134305
2130633
2079345
2168918
1640299
2163580
2229552
2333928
2125008
2371598
2517662
2487734
2373374
2415144
2532955
2353747
2184724
1401513
2221550
1825377
2265768
183638
915993
1120608
2561203
2599713
2339438
2163091
1715558
1951963
1406265
2237928
1243243
778243
