1000
35155
13044
14089
12978
11710
11666
12955
14244
11311
17599
14444
20554
12511
11199
12266
13422
14022
11688
12777
17199
13887
13132
11110
12310
12355
10933
10800
12488
14289
21510
21733
16088
16422
24310
14821
31221
17043
15999
17510
18644
19533
21266
25731
29622
33666
21643
14733
25488
18133
40776
30754
15266
18310
18667
21999
22443
14599
37555
41332
19867
16066
18088
31021
20199
18222
18288
23998
17710
16956
18532
25509
16578
18333
16732
16332
20622
18110
17245
18488
19132
20089
20888
22177
23866
16110
17622
30820
36888
39243
38954
43599
73998
32311
13800
36732
53688
18355
25866
23199
61310
107308
95154
55065
69354
34489
38510
89331
86286
124442
82753
89664
94176
156862
111153
14398
108531
109776
118708
135708
33843
78308
81464
86464
15600
98976
145796
31710
116442
136730
140908
160929
35331
31488
15621
32799
45310
29998
36843
36932
171152
138596
32398
35288
39620
17510
19599
18710
20311
21132
175418
20977
19399
16999
17955
20888
31777
26732
157929
157263
165196
183040
23844
15376
14688
99730
102597
91598
21999
189307
17821
20155
153930
17599
50354
20576
201596
233794
230773
213129
236372
224551
249528
21932
26599
16154
15532
19354
18621
15000
16711
16466
19266
16400
16732
18710
17310
25755
29176
15910
17155
19734
20733
20689
21133
30754
31887
34354
260527
14710
15688
17643
44376
32622
34844
32155
63909
45465
60398
147152
14266
151952
169308
29155
26466
122264
140396
101887
18532
22510
21222
21444
16576
18332
20755
23066
24355
27866
16288
17600
18600
18888
21799
53554
39488
40287
42866
43021
42710
47443
49466
48753
55266
63354
63198
18156
17400
37598
41688
75954
76776
49021
53755
27843
128085
95553
18644
34576
23378
29688
162952
22621
15266
136108
14556
20487
194262
20666
23244
187129
19599
16710
135798
145729
28665
17221
16777
14689
245106
235440
218750
52021
20421
18799
144019
15955
141864
182929
216950
208173
193908
286726
304371
31221
127886
262083
18732
17178
18621
19576
96686
110065
90687
96732
104397
185374
211262
115886
128286
148086
145064
154597
149952
142152
170241
189552
167218
176574
272638
265749
175152
181084
17888
302838
258572
49910
24177
256905
283948
272504
256928
215528
318415
290838
235483
25954
301237
16377
18933
20821
22599
18310
15933
17199
27333
18866
18399
19688
21444
437280
32043
29732
32178
33376
17888
20355
15199
442034
22510
24355
30199
30266
30000
32844
16132
146373
13999
21310
55287
178597
29977
264750
33154
36421
101131
121264
148886
49754
264684
198772
280305
24732
24777
24999
150085
150640
147952
15000
17088
19354
484434
54732
25154
20311
30932
45421
55710
37866
50954
60710
126552
44755
47020
51199
149730
248949
52754
51843
21088
16333
28288
17199
20311
22443
25066
275282
36955
367459
56842
56709
110664
59020
70554
88486
109264
74442
89931
25510
24176
70264
49131
79419
84309
58065
21154
32931
169618
38132
33288
17244
127464
380391
139040
37644
23888
30600
39288
29688
24200
299238
49332
53376
