174849
28895
23854
17790
29686
28749
27435
29415
15562
42707
24437
14853
12125
12270
13603
12520
33645
24562
23499
14083
11750
14082
13937
13457
14292
13916
30270
21062
28686
155143
43750
23520
18229
37042
30708
42186
29124
34041
26020
33332
34540
31396
87165
48686
54956
50935
22979
46707
55602
85954
53102
33936
47977
28977
22728
39749
29290
33124
38854
40916
50560
31979
54603
42415
32832
40708
33394
27624
30166
32415
28103
25853
22707
42769
38894
33375
24915
31290
27770
27958
41020
51831
39667
38853
38832
23749
53247
77142
68810
58768
80872
43041
331931
25728
69207
91936
28499
79956
26457
37623
67768
79292
186118
87562
90977
307347
77623
128833
93873
110561
147084
164245
74602
36123
35561
88456
43269
144253
118998
760003
56290
197120
38729
34645
108894
102705
167249
84290
102039
73019
102705
73852
222309
34520
190683
153118
166806
97997
85852
98871
59581
228727
97020
46623
134474
33019
36541
39520
60123
76102
65914
145829
39020
66352
48935
126122
86518
88020
208726
96121
45562
79354
79437
30498
71561
42876
48436
41082
145644
43999
40623
79976
63686
134809
37020
83955
129727
97102
105102
105393
149518
139705
106039
38583
30457
86832
34727
31791
31624
31332
37792
38936
131143
27769
36832
40561
71375
59167
38644
40353
34540
32603
243619
43436
56247
54812
46978
661632
39186
42957
41830
57436
79645
67954
85748
87833
111957
157392
105644
35103
55812
87750
100227
51874
71519
143933
40061
42562
54478
32395
39916
39706
55228
43625
46791
62707
63373
36644
35186
31999
28854
40437
79998
49790
49270
59560
46436
57645
86704
57000
60082
103374
97350
88039
47561
33707
48498
48727
99100
73352
51895
62080
53832
83206
47143
59936
61414
48228
50437
118100
78768
40915
43186
371344
40520
55456
51436
48268
54436
41519
38979
79997
94208
107309
42061
44227
39749
81622
76729
41956
38644
31041
103664
70268
93974
145455
58477
79560
56624
75978
89332
65039
80060
79000
102746
101894
43810
44894
46186
122559
232598
189932
95667
101667
100872
128245
56018
112290
102583
174496
138872
175704
112540
373198
150224
143019
101539
117684
83227
111037
105249
411345
111747
56039
148601
41437
145019
65103
60747
118831
112227
92062
100495
43957
54372
57913
114309
82998
384196
125249
347118
250032
660736
685630
425406
290099
248224
291260
274973
689297
610342
662256
512446
667080
1364133
520765
397145
1190562
782237
159162
591694
687371
81309
797664
3358234
1477492
528591
1022644
131893
651132
112393
118580
698443
163870
718670
566829
934989
938563
3180975
845481
1351698
1242481
1106410
176016
129538
50269
42166
34977
45727
157248
1171866
280320
2061509
401722
168513
205454
577552
790742
305802
896197
933828
4281410
2250012
103831
100663
122475
930604
336011
751393
223015
162392
62123
102893
107330
177499
130768
114228
224181
326561
254306
131083
1500046
768148
455562
507975
822582
2306662
1268556
1011124
5078867
1648669
1702671
243410
126642
135792
950915
2739143
879977
2499936
1340562
1342365
615587
406695
44248
565609
1170303
91559
180621
176099
430135
83892
163519
