141871
31728
14979
21832
22583
39164
37666
58249
13812
37769
49227
26730
18853
26312
17437
15187
11916
12145
9750
34540
22520
16625
16292
13999
25999
22041
26937
24791
207974
97852
77603
76456
25124
66539
83414
49561
65270
143811
29854
38874
56602
130707
99750
73144
169852
85559
45479
41897
64123
211869
366262
63601
26166
31894
41873
33082
24916
37768
65415
44206
26541
31061
30125
49979
53392
30520
30415
37769
32249
58708
27645
45020
31312
34499
39957
39561
43561
26811
25249
28062
134121
38646
77915
154246
31811
26229
87684
108517
94078
100643
103934
51853
436781
32207
150413
162766
25666
24269
27291
103935
90585
498792
306639
819199
113955
904941
502408
323220
288493
735049
236120
224705
157470
894376
272970
285889
105663
106996
310164
264787
129954
103245
196143
32833
80499
147893
950855
407577
146997
197933
368493
878775
1676984
978618
751296
1285908
1741611
388114
189724
187915
183643
891543
802878
112684
43707
31915
39040
47479
44978
102394
638966
1026086
1992433
754084
540972
521616
235809
180576
239451
99934
208785
464360
326239
248828
192892
129497
117330
76018
107039
611415
477119
162245
494518
342074
334742
109686
141433
122496
302448
121684
182666
161123
231724
252745
37395
43665
41290
36541
35311
34665
41916
61664
37728
34935
29437
41853
67164
263512
84102
41208
33748
56436
44457
67104
86747
566903
53915
51124
51415
191849
56979
76581
90121
149704
226662
152559
362074
243019
136060
103502
52040
199126
400134
339103
118391
178975
1198555
407908
519987
136371
61018
108329
39020
58290
55541
64355
119145
70414
29707
59289
32104
39164
102768
215705
161871
118582
37895
251743
79099
115495
56853
171472
73874
178457
148227
39832
53957
118828
102729
207432
73019
664403
75936
85437
458995
77227
119580
86124
62124
113351
693335
368868
141435
3290270
227991
79395
829859
143975
117643
77664
35604
72123
668426
826327
867483
42874
2510149
244264
114018
209454
58082
37832
39061
101083
145181
89894
190723
123556
123662
225559
203621
205617
104833
132123
109247
134766
54081
65664
40560
103539
170475
115958
121684
185891
161064
413879
175167
156539
191997
209014
250644
264198
212976
169870
272056
190767
315992
463722
532596
355762
1034062
173871
192387
363762
267660
574589
217599
214291
82270
154101
137976
97540
169954
151351
78664
150351
130475
1917379
4056800
825480
3400699
1096142
585421
1101254
3617602
1061511
1022053
209851
124562
722759
2155638
326561
364271
3240979
688185
1285893
373928
4314013
1726251
2584726
5487294
2894391
3572995
199039
42414
858953
511160
983682
2802715
877983
775904
768069
2546266
2949654
324556
553735
1815886
976974
50770
1475733
3692439
3930487
41811
79539
126475
122311
38124
61665
60645
148185
5597893
2367078
5313267
5396582
1325952
3285267
3434339
1587997
5504248
3006470
4832743
2071653
1595226
2558551
1936557
5138404
3255436
302846
1053333
790827
2507450
1825274
1239664
3697097
3223432
1491446
462017
1650101
4505878
3332292
4552394
6752676
1850790
6957641
2640190
5423900
2959981
9060809
230907
8704765
6246677
2951600
1448407
4267873
1428800
991960
1532721
2287352
1523676
767027
238785
430009
1552187
890424
203080
536839
2410278
1438859
6744173
3666072
440239
160438
