17505
14932
16449
18312
11112
13238
16977
20256
20083
32169
27988
13339
15470
7728
9873
13252
14932
9158
14404
14740
14659
9067
9072
12720
15196
7550
13862
15648
44539
48163
33052
36628
9955
38942
18667
45609
80860
19732
10041
13507
20889
21691
24974
40718
46315
72806
44443
82022
15201
89755
103267
56361
12350
15196
16699
26486
27201
61065
45172
18139
18048
10934
40276
16449
124084
15902
22041
21864
15734
15019
21777
19372
11553
17784
17068
24182
25248
11020
15652
15724
22665
26140
36811
35203
38212
11284
41419
47380
55996
58473
64972
119208
122486
41678
90139
72345
51115
14841
15638
83630
156384
171441
133977
130041
234273
209332
140956
163632
170304
166555
146227
154219
196622
239294
15912
202862
199190
214214
251846
272716
231648
247646
227654
15556
232353
311457
327643
240422
244780
303720
356692
517872
316881
55204
206827
321787
264532
248049
466766
256161
342307
357676
931411
52800
270984
19022
17947
20721
31104
273004
283444
299971
233856
221692
23376
294480
295358
400948
319540
332251
312763
269774
267652
14664
282580
291105
282854
20529
286555
231556
22838
261998
127118
341572
29793
239385
241176
306302
269745
318652
273955
310857
245433
57336
14136
249412
19728
24792
12355
16708
21960
32798
16713
20620
20889
27379
46564
55910
41697
12355
21950
24168
35548
38121
67569
74140
82670
92625
59649
13776
21508
106315
96105
114364
97214
128256
119462
122832
137750
69753
149452
169608
154939
30576
82224
207259
217137
32352
19372
23913
29419
31473
27912
26308
29500
37430
39278
40972
13334
19281
19824
826296
145584
116712
124185
136104
152904
153609
161611
177950
184776
199747
216988
218294
79372
13776
88608
53952
239203
251832
67099
76713
57168
312633
315460
167184
183643
37329
42580
222465
240446
55651
447009
624033
19641
447096
362476
29692
210777
35030
13425
211022
212976
228528
30484
223286
21331
270744
265483
246883
17947
26923
27816
236971
254313
213048
265041
279216
273340
317491
304420
327897
344788
352896
521241
60820
326788
293884
19641
127281
207888
190305
204100
232896
482131
408278
177878
254126
301747
314025
324864
299457
326544
354273
373896
283718
382737
564182
518308
419611
505958
159753
662001
494400
508905
30748
417067
596352
481228
546940
519710
700972
546652
455280
468297
488990
734356
16353
873744
743275
622656
629894
793622
1115500
458366
901896
564561
577843
660638
1239979
1248451
1076582
1236518
1262630
1618608
849878
842913
1487990
1096560
773788
1016457
990936
38241
1184265
1441478
1576185
1047864
1509182
1060867
1181678
721584
636091
1348598
778435
1642051
969907
1163822
1126065
1546536
1431748
1729948
1716945
1099862
558513
509875
454819
17068
19742
27028
841416
1347705
761529
1772356
957350
685622
939144
1122945
968841
848179
1189075
1219512
2146084
1945214
224712
530452
591648
1416940
1200028
1599355
607449
929438
34296
657067
727017
745238
834326
470736
1021819
763406
863827
1057684
1738137
1230849
1184630
1183113
1646428
1846900
2136614
1537699
2574360
1662777
2032401
1463755
1178880
656332
2013355
2301921
1573344
1550083
1794816
1714819
1234368
1241961
1009123
1462886
2136427
46123
1049212
627384
947467
79276
1018190
