600
27710
12222
15399
11400
13155
13111
12067
15643
10578
18243
13621
18667
14265
12776
11466
10422
8488
8866
11865
16466
13689
11911
12488
14954
15733
15000
15711
15621
19311
22244
22154
15756
17644
30378
15999
25288
15688
17466
17199
17977
20576
21555
52532
33799
38443
20822
16443
26599
21043
50842
33399
19711
18799
21554
22710
27200
18288
38888
41576
20688
17133
16420
35066
20955
19821
20644
22555
17244
17622
22443
18422
17132
16932
17911
19954
20199
21177
17666
19354
18111
19377
27799
21978
24865
20288
17911
29932
34088
34087
88419
45087
74042
34177
18532
43200
55065
18355
19465
21154
56954
93597
95131
61065
73154
36066
37954
91042
89310
89775
81620
93242
103153
120886
110886
19933
124930
111819
123507
134218
32622
84109
84376
86620
16533
99109
148419
34310
130442
121309
156218
162218
36266
33465
14954
29576
45643
32110
38821
40711
132196
140886
31666
37465
39154
17043
17710
17866
21511
21177
185085
22443
20311
17888
18822
21777
31332
40776
156775
156640
160196
186018
22821
16576
16622
103464
105464
95976
21177
201795
19022
20710
157040
17644
49065
18399
211862
218595
253971
217662
221106
227418
229950
23577
24643
16066
17422
19999
20110
15955
16822
16532
18978
16911
17822
16956
16399
26288
29710
17844
20622
19244
24600
20043
22198
30976
33266
35932
38844
16576
16244
21376
45998
35932
35799
31844
60309
46509
52488
145908
15600
148996
164841
28356
24421
214839
167218
168307
29599
28687
34111
22976
17643
17443
21465
22444
24177
25778
18422
18288
18110
19044
24488
53154
69132
39799
44643
43644
47020
52376
51843
53665
56242
59754
63265
16777
17133
38155
35178
73864
78176
49198
48044
26732
130708
97197
23666
40731
23109
26842
165552
25333
15488
120909
15266
17444
181196
20688
24577
186928
17533
16976
234039
146575
28555
17643
18799
15289
284372
259150
236439
16666
17799
18510
172508
16777
141286
186662
193684
214728
198751
304881
303238
30021
130776
308127
18710
19466
18265
20133
206973
111286
102152
96420
102553
181129
228172
114842
135308
130597
144775
159351
135218
136996
164018
185084
165285
168241
269816
246572
174507
173485
18355
284215
244461
319660
22844
268861
305593
32421
241506
196329
317748
276238
294592
229729
277105
18732
18889
19422
21600
18488
14778
18621
26932
18777
16044
20377
21021
279460
34578
31910
33310
33733
19710
19310
17599
397280
23954
24600
26643
36021
37177
17199
19111
129708
19866
198996
282460
45376
205707
50910
166063
28866
40466
234306
205617
51220
240284
18199
219106
24444
17332
20755
145930
189618
152486
17089
19999
19866
356702
46177
26000
21333
32222
405524
62798
35043
58110
45888
50620
43198
46065
47443
65109
53643
46310
56976
399636
16777
188618
20178
21154
23932
28022
40933
33243
266083
58688
80732
99643
61554
76554
121042
87709
65420
77487
29532
24510
449901
44065
127530
65910
60932
21866
28710
169107
35910
38242
18976
349814
272928
423657
44355
43221
311949
381813
41443
28555
70020
53998
58398
