18748
15465
17596
21158
10128
14136
19728
24177
25862
31478
33412
15475
18580
12710
13152
15374
16977
8803
11284
15561
18571
9868
11102
15460
18667
11913
13785
17155
47640
53155
67195
37876
13339
36888
69172
29064
82296
129153
11112
15384
22224
23544
31281
115017
52708
89241
31545
29337
35304
58641
143563
51724
12187
15201
16704
22224
28718
64608
41966
52968
20184
10579
41616
44164
132715
13948
16348
21859
11376
14318
17601
18403
12715
15201
17332
21691
22579
14131
13958
16353
21153
29337
31992
33240
38932
12628
43296
49953
53692
75014
67718
123480
128596
48724
108446
99201
50572
11472
14942
91089
164616
172051
180110
172814
246235
308385
166329
165662
145329
160704
133161
197606
208416
235545
184372
188870
235920
221160
270379
326131
294115
128803
257611
47208
168168
298756
409128
296875
229507
266908
337689
502761
556958
433944
403094
482467
440668
414844
404380
332270
337171
514732
519014
49344
52185
11198
15561
19113
26044
336969
588206
583459
632620
476385
522283
515025
525019
353678
315628
269313
404500
541656
306489
350841
231902
195844
191544
170131
338438
556550
528240
285297
563870
643804
521448
356524
435979
424627
534096
465307
496593
408369
570945
415819
22656
12091
15201
21412
27364
16617
21518
25862
24614
11908
16809
21950
35755
52171
53860
11116
15115
17251
25699
34670
68092
67291
64156
71640
77318
13156
19372
91099
95174
54753
55920
104054
629726
294729
332356
348878
282033
389985
639873
620328
200083
464692
580612
652617
477964
570676
52617
194947
27552
26760
36806
40262
35635
36446
12446
14760
19728
206707
106588
127848
125971
72792
84264
123916
96619
107376
115444
125136
129158
169536
138758
12360
99384
144835
160699
168710
181041
70761
85886
307233
376684
241329
194822
61420
34852
374817
740083
486398
409396
1270684
450633
313449
487665
448603
380539
300993
10843
250848
810811
1086552
1041336
295713
1242988
526272
450998
502209
417196
12528
16267
312470
278371
240604
510844
317424
425764
423340
570787
592872
625416
344769
635102
563395
272092
473913
24350
195561
327561
180072
235267
179184
493852
452836
438734
256507
249297
266318
318734
273432
301881
304084
353414
327081
353961
625982
633297
638496
578462
476414
608880
1104316
1202299
1160731
692976
724382
534225
602827
524289
746380
689208
703468
528072
805473
803020
1767561
1836739
1333747
1635326
1400438
907728
1547779
1775251
1570790
966086
537696
666168
1352582
1570094
485136
1072075
1443955
971836
1507737
803438
1821657
1762286
1692993
1812081
1622404
1168008
393700
215899
670488
776347
1193030
1647105
996585
725433
1010116
1671379
1351814
535560
879014
1182225
1452835
549408
1134148
1697448
1831555
13958
286310
304497
293241
35270
16003
18849
794817
2015428
1895476
2056473
2027563
1321752
1951099
2094897
1420056
2194435
2226062
2205873
1774963
1495684
1922112
1467868
1964481
1470326
843734
1782100
1250616
1875782
1979476
1701945
2043835
2000457
1750315
1235284
1826817
2228409
2130513
2278627
2414995
2299257
2365920
2049974
2181312
2087193
2538926
1016649
2634888
2441760
2519323
1922961
2219256
2152641
1604928
2018654
2415820
2105558
1964913
1201675
1410811
2168294
1484328
1259779
1174723
2377204
1921785
2805777
2932099
1686552
1070918
