349699
57791
47709
35581
59373
57498
54870
58830
31124
85414
48874
29706
24250
24540
27207
25040
67290
49124
46998
28167
23501
28165
27875
26914
28584
27832
60540
42124
57372
310286
87500
47040
36459
74085
61416
84372
58248
68082
52040
66665
69081
62793
174330
97373
109912
101871
45958
93415
111204
171909
106204
67873
95955
57955
45456
79499
58581
66249
77708
81832
101121
63958
109206
84831
65664
81416
66789
55248
60333
64831
56207
51707
45414
85538
77789
66750
49830
62581
55541
55917
82041
103662
79335
77706
77665
47499
106494
154284
137621
117537
161745
86082
663862
51457
138415
183872
56999
159912
52915
75246
135537
158584
372237
175124
181955
614695
155247
257667
187746
221123
294169
328491
149204
72247
71122
176913
86539
288506
237996
1520007
112581
394240
77458
69291
217788
205411
334498
168581
204079
146038
205411
147705
444618
69041
381366
306236
333612
195995
171704
197743
119162
457454
194040
93246
268949
66039
73082
79040
120246
152205
131829
291658
78041
132705
97870
252245
173036
176040
417453
192242
91125
158708
158874
60997
143122
85752
96873
82165
291289
87999
81247
159952
127372
269619
74040
167910
259454
194204
210204
210786
299036
279411
212078
77166
60914
173664
69455
63582
63249
62664
75584
77872
262287
55539
73665
81123
142751
118334
77289
80707
69081
65207
487239
86872
112495
109624
93957
1323265
78372
85914
83661
114873
159291
135909
171497
175666
223915
314784
211288
70206
111624
175500
200454
103749
143039
287867
80122
85124
108956
64791
79832
79413
110457
87250
93582
125415
126747
73289
70373
63999
57708
80874
159997
99580
98541
119121
92873
115290
173409
114000
120165
206748
194701
176078
95123
67414
96997
97454
198200
146704
103790
124161
107664
166412
94286
119873
122829
96457
100874
236200
157536
81830
86373
742689
81040
110913
102872
96536
108873
83038
77958
159995
188417
214618
84123
88454
79499
163244
153459
83913
77289
62082
207328
140537
187949
290911
116955
159120
113249
151956
178665
130079
160121
158001
205492
203789
87621
89788
92373
245119
465196
379865
191335
203334
201744
256491
112036
224581
205166
348993
277744
351409
225081
746397
300449
286038
203078
235368
166455
222075
210498
822690
223494
112079
297202
82874
290038
130207
121495
237663
224455
184124
200990
87914
108744
115827
228618
165996
768393
250499
694237
500064
1321472
1371260
850812
580198
496449
582520
549947
1378595
1220685
1324512
1024893
1334160
2728266
1041531
794290
2381125
1564474
318325
1183389
1374743
162618
1595328
6716468
2954985
1057182
2045288
263787
1302264
224786
237161
1396887
327741
1437340
1133658
1869979
1877127
6361951
1690962
2703397
2484963
2212821
352032
259076
100539
84332
69954
91455
314496
2343732
560641
4123019
803445
337027
410908
1155105
1581484
611604
1792395
1867657
8562820
4500024
207663
201327
244950
1861209
672023
1502786
446031
324785
124247
205787
214661
354998
261537
228456
448362
653123
508612
262167
3000093
1536297
911124
1015951
1645164
4613325
2537113
2022248
10157735
3297339
3405343
486821
253284
271584
1901830
5478286
1759954
4999873
2681124
2684731
1231175
813390
88497
1131219
2340607
183118
361242
352199
860271
167784
327039
