402867
67164
39498
55500
51041
67414
115956
133497
56497
99996
111163
63830
30456
31581
52416
52539
50292
50665
43332
35957
39208
30791
47540
81081
65040
45290
41249
45875
67666
164121
199080
132709
41166
111289
175911
94164
169542
257913
59915
67081
100122
133164
180195
165156
233905
148038
104787
74459
104289
139284
661061
207663
54414
63870
77166
72330
49959
89122
90204
86746
60248
50582
69664
76331
91750
69750
52998
49331
54956
72623
82831
56040
77998
60543
66539
73665
66456
51750
42999
47414
71664
72958
116286
109165
122204
51666
100208
177621
187996
263745
160249
137540
782428
76038
138163
377617
59872
44664
58664
124870
191666
934717
543618
1001472
222869
1752957
810794
401994
662661
490702
702612
537905
308695
1038143
314286
145581
131168
167580
488533
616151
257739
174161
383116
71748
144166
322449
1823922
754330
276914
435615
715324
1774149
3576444
2380403
1568893
2096349
2811494
453694
426699
357498
290450
1810251
1916064
236828
75039
67248
78039
99830
122415
223706
1318767
1507695
4050886
1523013
1059597
1335732
729276
412366
438869
221658
461871
1047606
697304
705818
524659
278327
177660
222536
268368
1109679
1070106
179705
1113277
842442
653566
218783
287955
223706
683401
265662
688826
647489
480273
530649
98664
90625
102372
59706
70040
104289
81999
121122
68166
69331
60999
82165
155994
459240
203037
74043
67457
67038
91417
159374
204871
135207
138996
92083
110121
82874
87039
158454
193455
277078
226620
336197
903132
576319
344331
403575
197871
497493
881984
743404
212037
232418
1555517
422952
313992
175041
78914
228537
133413
144830
140454
115830
148207
125995
66249
94623
65832
70872
159709
363611
171785
128164
92956
149915
128288
150619
164542
308484
179788
296284
194917
75955
109953
268249
316415
291368
230080
150743
160618
228663
1146096
154791
250074
166126
120287
220698
1274310
649350
243119
7104825
508281
189371
705073
259742
198119
217451
104706
159329
1192801
1657957
1735753
86496
5138248
459645
271536
393192
135996
69538
90416
304326
342573
154455
383319
247785
231954
209625
277116
404446
168158
201782
286371
205125
82246
118748
136746
175284
381996
213995
208410
311035
308450
1036980
292740
369200
359329
440696
552816
557667
514950
305619
498438
413869
303322
435411
763323
838685
1616449
354366
408197
589268
661646
743980
422820
403740
153580
354323
302737
222414
418862
362911
177246
369492
220997
3778857
7981692
1681452
6273972
1958577
719770
2186795
7380704
2097906
2054835
423202
331908
1351235
4167981
630155
725535
5108631
1467828
2528401
788190
8220937
3245276
5291268
10711140
5605616
7108029
403335
129039
1634942
914933
2274666
5691615
1783719
1768092
1566139
5102412
5532196
711645
1144485
3495240
1741295
93456
2946249
7162319
7690509
83666
156577
182369
384534
79789
67538
82372
278910
11007972
4573728
10408419
9956441
2738587
6593739
6683379
3124532
10793268
5646836
9263862
4198578
3149581
5295606
3696138
9895416
5553229
620689
2262732
1607215
4399341
3416593
2442375
6915534
5225944
2920761
968991
3293239
8949433
5927989
9016695
12968970
3943973
13695372
5297607
10024535
5703563
16900821
364324
16675751
12284403
5879652
2869380
8340507
2850851
2102879
2802786
4571158
2865568
1769505
441747
1033809
2805520
1844196
445785
1041903
4608490
2346201
12942333
7374939
804773
360776
