28272
15475
19296
18398
11380
15283
18758
26390
27196
34939
32352
15556
15542
11289
12264
17424
17332
11376
16632
14932
16425
10497
15297
20716
18220
12264
13776
17505
49689
54393
60369
38390
14232
37953
88089
29505
85939
112003
12436
14395
27825
24700
38582
112176
56616
101865
29875
26054
32083
59923
131217
44712
11025
14136
18225
21153
26659
59011
44184
49512
17246
12528
41419
42038
132734
13958
18936
21235
11380
13876
17347
25070
13070
14308
18134
25416
25161
11640
14664
14760
22315
23385
30043
33076
32904
10219
45000
50121
51460
59736
63292
134836
280348
48801
97968
88536
56620
11380
16521
140107
169228
182308
178550
144724
234633
283867
192412
772512
147115
148363
704875
203654
207441
234470
214473
175224
228955
209155
334550
375945
417686
116966
236961
101160
154656
333974
507249
367507
247876
304363
334497
439776
555984
386020
434270
559689
416990
422472
363552
316334
348345
500040
473740
43555
43651
10752
12264
16363
27648
326976
554808
542731
1355544
448444
469003
499814
512054
284164
322656
266750
444086
531470
309964
356620
205622
187891
191803
179284
386937
525907
490881
276019
728817
627792
500448
336412
569817
1089830
497745
463358
492043
507436
544512
587044
19742
12268
13603
19920
18038
14222
21163
17428
22468
13329
15379
17155
36964
53865
50673
15024
18753
18753
27278
31276
52876
60715
68457
88555
72067
12532
19819
95467
82305
79824
57868
113697
1399545
388574
353155
388929
304982
415732
706843
586963
235108
295915
282009
267921
247084
178214
38932
249777
29875
25512
26841
38404
38304
43276
10848
17323
17947
189595
107832
125846
152635
94665
85862
88435
133785
99393
109776
117504
126412
225772
138297
12974
93595
154401
168729
175564
195379
67718
76896
476428
422328
246484
266563
72340
36009
340420
871603
680443
556924
1210464
423830
327854
487632
568689
391272
306547
13684
205603
688425
1624828
1010572
282662
1222732
718737
537052
542318
358286
13953
23558
233683
347452
242692
615288
315902
491270
424627
712051
601204
660163
441384
568718
571296
250334
436608
18576
203270
281793
179563
204096
206385
381163
523785
526305
244339
332510
284875
290952
283104
364804
307372
340512
329467
684456
657643
676531
687124
639854
683155
646185
1036281
1412985
1147392
733987
731976
531619
737049
729374
683707
722078
696969
543024
827251
802046
1716057
1950100
1540036
1791907
2060923
925464
1603012
1687502
1535644
964747
1237123
748992
1268918
1698364
393652
1033704
1287916
1047672
1593734
867513
1808572
1680172
1662979
1809696
1471329
1141416
392760
602942
647342
747542
1072622
1563806
965188
686208
970204
1759622
1425264
536448
913617
1162022
950544
426139
1194355
1720819
1821009
18585
348888
310651
356808
41160
15460
20088
889968
1912876
1859424
2035459
2099304
1277414
1885876
2036683
1376054
2164305
2046312
2031105
1809249
1588920
1869705
1478500
1885305
1408195
872126
1767744
1348166
1852915
2556264
1978800
1984276
1960747
1805409
1338984
1741670
2182248
2032627
2468236
2411356
2097643
2364513
1996324
2148782
2277177
2516332
1011523
2554876
3377241
2476900
1885910
2141491
2183169
1814582
1970707
2263348
2035929
1833700
1118198
1439870
2171923
1496102
1270190
1231526
2307086
1890182
2722867
2710896
1588185
1276848
