711
25443
14577
14310
16954
10777
12177
11932
16244
11466
19399
14155
14910
11888
12177
12466
15444
17954
16933
14133
11378
11732
10867
12067
12378
11954
13977
16999
14244
16710
21510
22665
12088
11510
30444
16777
29088
21444
15555
15289
14132
15310
15955
21622
29510
36932
45066
14866
58266
18843
55998
35242
19688
16266
17311
25555
23221
15156
36688
37354
20533
17155
16022
30910
18399
16221
22021
22666
14755
15667
20043
16977
13288
17488
18754
16466
15310
16999
18600
15799
20688
21044
20000
20266
27021
15088
14487
29911
33554
35755
36222
48021
80442
31200
16266
40333
49777
16333
19510
19222
54799
105908
93730
51154
70264
34821
88842
85176
90398
92709
99908
101109
97797
122130
19510
18532
108285
101374
119664
157885
126019
115620
120619
19888
18621
134218
161973
139929
131420
134953
151796
172996
39222
42376
15666
123842
177440
133153
143463
137752
186484
29444
31422
37198
38798
16311
17732
18621
19932
19888
163952
161952
136352
19178
134130
21043
184818
174596
175507
177351
182040
20622
155442
17155
17265
163707
20622
19777
20577
175574
19665
20665
167508
74354
160574
17355
169796
174195
147264
149018
165018
160796
165507
134575
16222
17022
22488
19622
16621
16377
17732
18200
16221
16732
18200
18621
18310
29155
28999
18754
17355
19510
19200
21978
22755
30465
32799
34131
36310
15378
17577
16999
41354
44132
51288
50354
67820
62308
64177
71020
17467
74954
72820
73976
25777
83997
98308
22777
18133
23355
19576
21266
15289
17533
22399
20265
27378
23599
14689
16734
17444
18688
16665
95709
75754
79843
84865
81687
95642
85442
90908
92464
96153
275038
98486
17488
18355
54820
36687
111020
114198
45043
47865
31200
150440
23776
69376
197329
31110
28910
114709
115264
17244
17110
20066
19821
27888
24021
22777
81820
17643
15999
96597
98575
103998
16244
18466
19933
142464
149130
22622
23666
22532
26732
126130
17066
128486
139552
141153
132040
151285
159397
164707
154507
156996
167707
19287
19354
17776
20155
67621
108998
102643
112820
117152
234238
227328
90220
100330
157508
154664
195507
158018
168885
182174
199418
143463
237594
310526
234994
204840
212618
16110
269704
31954
263394
35466
216394
30177
127864
272083
229928
316082
233416
18598
24000
28422
16621
18555
384213
26022
24888
15866
19866
29888
19821
308215
351570
18577
42176
44398
48242
49488
53109
18177
15332
17600
279460
21177
24444
28710
27133
32599
17644
18843
17799
14689
312060
53109
220418
217818
65910
245106
46621
223284
34621
254616
249682
140307
18688
35020
22622
17466
16777
226639
221618
17554
21177
20910
22111
385635
292149
303214
18399
216662
232572
428101
331748
255416
237750
241149
291972
45488
46509
128574
223684
246439
263194
296550
17222
22576
25554
25800
237061
33087
322926
38354
200684
198529
195241
323014
435790
73843
378680
347948
295971
298126
26444
21355
436879
45332
322704
77198
320593
21465
285015
31243
35242
169752
15733
49131
54153
346503
354370
60886
246105
40555
40243
251172
285393
283815
59688
