88545
9000
45820
24393
51206
22420
19353
9936
14774
53395
28411
91080
34128
19252
10281
676036
253742
16948
64843
14256
12888
100598
23241
147024
2024712
1034956
36057
22190
1786838
25084
111960
18662
285292
31219
20865
61128
31910
45835
73627
250444
601617
26553
38160
12297
129355
20707
20059
196214
19814
27518
90604
1056038
40492
2669227
2875449
3435624
2562148
2665224
3913574
2713291
3055176
2771121
2635603
1936843
3422779
3718944
2993400
3298104
3511483
2364393
2821248
3201580
2893104
3448036
3312979
2481177
2514355
2288390
2806185
2133172
2614766
2901758
2863382
1649044
2497104
2796580
1666065
2017900
2093889
2957500
2735481
2098900
3072830
2010902
2242742
2185833
2166508
3173241
1715284
1188979
1029600
1238616
987782
1410595
1621137
2374286
1876968
1978444
1890662
2481062
1451836
1922083
2007676
1728892
1894680
2275257
1436659
1797940
1455264
51264
