349955
125225
58449
81576
340807
66300
57420
58162
59360
119968
154578
190129
119205
62944
66270
3025350
274457
63488
222393
59895
62310
322462
109850
277150
5648435
2840498
71844
91515
2948447
127363
136818
66735
799494
86486
107593
350568
139560
129808
146757
1017413
525977
119324
170963
66013
204187
89525
61686
135689
63874
110998
596178
2475871
489782
54069434
27716356
12490196
15768611
15625318
15791826
38227374
40425650
17409466
2982840
4273770
98970
201692
156212
1600651
883852
4351010
81189
80902
79388
546846
121413
93734962
7353373
12982434
30173309
44980026
18355580
27294448
17687706
391614
146619
16058730
119037501
82967930
52991235
46103904
32132340
21231559
14589303
3271365
10113117
1669268
691406
9126493
13225994
53063029
1259141
97643
339609
162607
169884
316176
113394
121898
123898
227937
183288
706582
106256
40064102
7697131
501979
41384494
4060603
1089782
135036
