163608
28425
40930
31265
141259
24238
22999
25338
26054
79758
67822
62936
48122
25586
25637
1981299
302695
26280
117854
22847
25311
142228
42092
170011
4653152
906753
56606
33916
2283235
57956
81971
27192
430568
44700
47850
182361
70365
70853
60804
586012
506265
60888
113215
29103
251128
43562
26683
80915
40799
43535
401672
2068996
57039
20061552
15238864
12655524
17966877
17229646
15322679
17532581
17843341
15534516
8876890
8695177
10198359
4355218
5878027
7010505
5563877
10766923
2187169
1938074
818519
600011
2646811
14572818
14156537
7367052
16013442
15919851
12218800
12675369
9861450
1779910
167948
10854945
9898778
8553357
8231914
7272976
8129932
9931285
8337686
10193609
7872868
7630318
7022492
8193488
8954370
8970180
8565818
6756983
6581336
6879095
6596484
7856345
6382253
7245732
6116635
6891526
6246732
6821819
7161666
7684016
5250477
6586985
6194357
5636487
6327397
44695
