611334
101989
171527
126046
490703
94653
90248
92931
80536
299079
240342
222195
167478
86644
89189
6629178
1040202
104187
400049
84298
87258
472635
160083
675952
16139059
2527707
140985
104761
8715247
165478
222928
75339
1347637
138273
161686
648776
210830
198376
181120
2215332
3539804
221918
372190
196762
527887
164458
97277
220334
114404
161201
1402047
5391213
220126
14535833
11532242
12653784
11342420
12012056
9644065
9966280
7166293
8270935
9028186
10216275
7194775
6646008
8400110
6343434
6171669
10355241
5344326
7794458
7835869
4754643
7323515
10171062
8844214
7969717
6681074
14064187
5053722
4460514
3611698
1397345
3388680
1957635
3278652
1457032
1721491
2207393
1804690
1220155
2915144
1114027
1897671
1289405
2131588
6669234
726590
859280
1053102
1393048
1446657
1476802
786990
3313351
1203137
604177
1348013
1889385
1004186
1165744
1445627
3611836
1313769
1684623
905463
1396177
858339
339372
