183726
65743
30686
42827
178923
34807
30145
30535
31164
62983
81153
99817
62583
33045
34792
1588309
144090
33331
116756
31444
32713
169292
57671
145504
2965428
1491261
37718
48045
1547935
66865
71829
35036
419734
45405
56486
184048
73269
68149
77047
534141
276137
62645
89755
34656
107198
47000
32385
71236
33534
58274
312993
1299832
257135
28386452
14551087
6557353
8278520
8203292
8290708
20069371
21223466
9139970
1565991
2243729
51959
105888
82011
840342
464022
2284280
42624
42473
41678
287094
63742
49210855
3860521
6815778
15840987
23614513
9636679
14329585
9286045
205597
76974
8430833
62494688
43558163
27820398
24204549
16869478
11146568
7659384
1717467
5309386
876366
362988
4791408
6943646
27858090
661049
51262
178295
85368
89189
165992
59532
63996
65046
119667
96226
370955
55784
21033653
4040993
263539
21726859
2131816
572135
70893
