27064
15699
19958
15766
30777
17992
16892
15733
16858
20067
19698
18412
16413
18370
17522
77683
71601
19160
34666
17959
17908
48367
18589
41529
22596
24385
24418
18824
16464
18354
44226
18270
67771
22453
19042
40084
21151
23881
47040
130930
171200
20454
21991
17942
31995
17942
18421
62613
20336
19731
48258
15918
20311
42016
40672
19278
73281
30424
33373
98910
211587
58606
19076
23293
19681
18790
23436
117709
73768
208185
22167
19462
19042
41109
31609
24662
86486
694982
248984
376311
264138
24990
234292
35540
43453
22344
29685
27165
28669
26023
29072
21806
23217
20739
27132
21672
42067
19370
37052
386568
34624
20277
41731
26048
21898
22780
20076
21210
20218
25216
20101
51475
18337
29601
25225
21386
24662
39396
20546
52122
