47203
8395
24062
13219
44467
18417
18532
11404
14472
30945
24480
82900
31953
20462
10339
421617
218721
21326
32688
14961
9475
75153
19670
114148
1062777
894744
36532
18129
926049
24004
132249
15307
124200
31176
24278
61012
26856
36705
91944
250171
241300
25358
30110
13737
96076
10540
18489
154368
18475
22881
79272
294998
36057
4718678
3641328
3510892
3566001
3888331
3492892
4080196
4818657
3413217
2099606
2097086
20707
16272
33408
204336
133228
469497
24825
20160
11894
220723
52833
7566854
2551435
3069144
3680280
4939646
3702787
5792342
3578990
47376
92966
3732508
9745876
9366868
8871206
8919648
7814592
6812337
5836737
3973492
5494651
2206641
120427
3771345
6422328
9071740
73684
20246
46555
38606
34358
23515
12556
33609
25286
29505
46324
242424
12744
8652902
5085374
1150891
7563542
4333420
1674777
24192
