265982
40535
66611
57832
207416
36351
38742
42286
39501
122224
103076
96735
75618
40852
39183
2572398
407821
39111
168845
36008
43315
234474
66865
246699
10031549
1624592
87515
68986
3804871
188591
144869
55727
871771
99563
93217
366709
129885
152281
103321
1089068
1071189
83773
108180
50161
494375
68388
46278
132635
78679
152427
687759
3109035
113669
14620583
18551722
13681618
13220090
11964078
13668006
17377201
13842969
12755948
12642840
11395139
14351129
11635404
11541526
12948084
12727045
13148432
10332110
10400317
8933811
10009433
2963614
13228344
9280785
6446667
12515408
15107095
6617321
9124512
8588042
7300236
5536299
7331156
6758189
6581583
5920945
4686996
4401523
4910104
4973233
5099974
4672708
5157895
4820171
4765447
4921185
6874317
4464652
2509295
2827330
2767673
3173640
3424980
2232295
3204830
4588602
3601306
2569867
4284247
2283485
4345977
4266159
4206128
4598368
4453067
3362319
74766
