33314
16968
23461
16766
41479
21067
18505
15918
18160
24780
25737
21940
17169
19194
18186
83907
128637
21772
46838
19731
18110
88494
21445
62168
26712
38346
29559
19345
18992
22470
69736
23158
110947
26888
21613
67771
25771
32566
63638
272941
580540
23444
31172
20764
44100
21924
22386
96028
24334
23688
171057
21008
26308
64957
58800
23998
33952
676628
527175
244742
195367
57036
20084
22621
20344
20084
30391
113996
123286
368062
21613
19849
20210
1186164
43814
1327611
988864
865712
715008
1251969
1245636
26359
259207
51441
52273
28350
50559
35800
899732
27770
55969
20806
31458
19000
29122
26670
164110
28022
58665
1745788
51172
50551
43201
33860
32516
21445
24385
24074
21840
29946
24494
60664
25132
28081
25653
34801
714688
44898
26745
660046
