49507
8467
24753
15609
49953
18144
17481
12499
17697
53136
26870
92880
31939
19411
19684
662040
294422
17740
49622
15652
9648
78825
20836
168566
1938096
1030032
37209
22896
1562990
24249
104990
18964
291758
32227
21830
64699
31406
37483
72619
250747
449841
31449
31406
11851
123609
18979
16372
189100
19036
30340
92865
872121
41126
5083430
4995691
5266584
5563339
5778676
5993668
5382576
5568206
5348116
5052844
4795401
4923561
3797064
4295476
5041771
5011473
6074107
3319156
1804795
3110428
1998043
3272558
6213686
7427548
2498860
5459040
5968425
6868051
6682464
6289848
3143217
89683
6267931
6322665
7769462
8176694
7671038
8372779
7723108
7547198
7777828
7661188
8454744
8534203
8093419
7878168
6217704
7290993
7908033
8321630
8118604
8408059
7626801
7098436
8083670
8197027
8376739
8192923
8371224
7127755
6461812
7516728
7629148
5676753
6514387
6264993
41716
