49608
8438
22334
14947
51681
20764
20232
10612
20145
55454
27000
86428
36273
21139
10339
684043
272836
18057
59673
19454
11592
95270
19468
177336
1972166
1118203
41932
18417
1706083
26985
103291
17841
264096
32817
19123
66052
32097
36835
70516
259056
495921
24940
35107
13132
139579
22824
15868
203803
23169
30988
87854
923112
43790
4474411
3643128
4715136
4629110
4866177
4978396
3478924
3688632
4371969
4383633
4602124
5164732
4794552
4464273
4653388
5406796
4814568
4887417
4912358
4883601
5934700
4276411
4315968
4890859
4078483
3929083
3552580
5985086
4739961
5400172
6501456
5628470
5582563
4014835
6235876
5072716
5423616
5232830
5945212
5963140
5974732
5675371
5557392
4994510
5340340
5704560
5320209
5796259
3890001
4618857
4826678
4288766
4511246
4459363
5502672
4623393
4886452
3985545
5026104
5034024
3311582
6475176
5443632
3751862
4671460
4509806
61113
