44696
17388
22688
18984
39597
19294
19933
19227
18110
25359
25485
20143
18480
20748
18160
89342
154694
21655
42924
18286
18144
81286
21940
61135
26266
33129
26636
21243
20218
21529
68392
19269
105789
22579
21285
55381
24973
31012
72240
389600
593762
21630
31794
19353
48661
19026
21495
96146
25645
22033
86940
20571
25183
72114
56347
21394
741636
44738
872197
353749
902437
1731954
21067
23679
24469
23410
29568
208908
1621065
439034
23419
22310
18480
47443
43436
1055342
879328
293571
721778
704146
1292709
31894
697107
684810
51458
26376
66192
37774
525571
29223
1253683
27123
27232
19378
24309
20815
57993
26250
119322
923437
646598
25174
46930
35691
47754
26510
22671
34893
45998
111501
38564
92484
21210
34666
26325
46947
803048
67510
39202
855985
