96237
34436
16073
22433
93722
18232
15790
15994
16324
32991
42509
52285
32781
17309
18224
831971
75475
17459
61158
16471
17135
88677
30208
76216
1553319
781136
19757
25166
810823
35024
37624
18352
219860
23783
29588
96406
38379
35697
40358
279788
144643
32814
47014
18153
56151
24619
16963
37314
17565
30524
163948
680864
134690
14869094
7621998
3434804
4336368
4296962
4342752
10512528
11117053
4787603
820281
1175286
27216
55465
42958
440179
243059
1196527
22327
22248
21831
150382
33388
25777114
2022177
3570169
8297660
12369507
5047784
7505973
4864119
107693
40320
4416150
32735312
22816180
14572589
12678573
8836393
5838678
4012058
899625
2781107
459048
190136
2509785
3637148
14592333
346263
26852
93392
44717
46718
86948
31183
33522
34072
62682
50404
194310
29220
11017628
2116711
138044
11380736
1116666
299690
37134
