39429
17329
20554
16531
41361
20269
18530
17178
19051
22050
25342
19824
19563
18891
20370
90997
126722
21201
49266
19891
18135
84999
20160
65688
78666
40026
28980
20865
21067
20790
66780
20563
104857
22906
22797
65200
25292
36338
78019
270412
594904
23704
30777
20420
50904
19840
19017
88922
25174
24250
87998
19051
82622
69837
56397
21428
32046
38757
46477
161641
255292
32113
20361
26787
21873
20773
30828
120380
123866
137298
29744
22486
19353
721366
44100
32113
81748
722878
112845
46662
35784
23763
43050
470610
32482
25183
36153
31180
30660
27031
29248
31054
28224
32314
28089
28274
38556
33910
52525
34960
57019
25376
48442
35061
36582
30534
33532
27325
36330
37237
31794
73575
30634
640558
29400
32088
780150
49501
30172
876582
