117994
74911
1443694
1518853
2049930
2208609
5560222
3792811
5201613
4772506
4918851
5907172
6333421
7346587
8176450
7898571
9403555
9007618
9990724
9849748
8170213
10752021
8394169
12540685
14649196
13107334
13963554
14305819
13102996
15376023
14983429
16139875
13429800
12658680
12771022
8357233
7588075
7514199
12726279
14601690
15183756
12754953
12874207
15193170
15497208
12085722
8879526
4960129
2979234
21663360
20858112
18834097
23702287
24303519
15820330
16299342
15683557
8025673
20297200
9182376
10739551
11688880
2538135
18942907
26820805
29402518
28460916
30107623
28346841
29763180
24122907
25315236
32743102
20359669
30328317
31326444
39631036
39381655
33284898
29971678
36267862
36900751
29980989
11088333
29828799
29930224
17282578
21387213
5244750
11352244
16207911
32304942
27011547
21865828
19953891
16017426
15536709
34768413
11298037
11825118
9599139
37802209
15987343
8111218
44181823
48151309
51483996
54980527
51352956
49272007
54075172
53116240
53301082
47249761
47126781
42399117
65294365
61118608
59974281
54322924
53134213
46300734
42566301
42661602
40990531
33990304
34986757
35655426
37367734
48091612
52844980
64712848
64107135
48829302
43452504
42068461
40417227
38916585
40616995
