17094
14313
14809
18522
14985
15120
26082
15128
18202
16766
15414
16380
15624
20983
21680
27728
18396
18026
18135
18085
19152
19546
22495
20580
18228
18832
19168
18412
16438
23041
19219
17942
17900
19320
17774
17976
19840
19336
19656
17631
21008
18043
18345
20008
18706
23284
19614
17253
18765
18001
18093
19916
20202
23343
17665
19580
19395
20529
18942
17522
21495
20882
25057
20168
21529
17522
17774
22008
18404
21327
18001
21453
20168
19681
20084
20630
21075
23696
18480
18060
18538
22982
23301
22167
20000
18648
23343
22184
156517
17253
18765
18429
33541
24234
19966
19874
17841
20025
21470
18522
21571
19538
21571
18631
20395
18379
20185
18816
22024
19286
25460
19118
18572
23284
20227
20790
21915
18194
26384
18908
17572
18547
20227
18303
18866
18614
21294
20983
26426
216064
21294
21235
19950
18790
23209
31432
18690
20311
18690
