61332
14614
278236
455907
409325
535646
768989
801457
1044538
963367
1042761
1226761
1326794
1442266
1737771
1767188
1793749
1985581
1863578
1900030
1773940
2160257
1691960
2515848
2588395
2587869
2696393
2844936
2702688
3087807
3084254
3402321
2771205
2487853
2963000
1614518
1391518
1456611
2473266
2975921
3178771
2717253
3080903
3148957
3042802
2093477
1736712
993576
676797
4230408
4082375
4258986
5252143
5638507
3294491
3446295
3253983
1762900
4384071
2095461
2767758
2321317
456103
3803942
6420999
6032137
6140979
7365239
5889704
6163524
5706501
5593716
7728461
4362743
4522211
6422293
8873531
8261317
7120698
6692482
7364318
7675421
6048711
2339373
6423834
6270557
3801113
4409249
1101572
2488332
4084294
7100614
6212973
4620071
3985595
3704527
3078287
8633368
2382696
2461374
2134826
8089130
3646350
2025667
9241825
9788019
10714352
10886085
10324128
10873931
9911977
9700213
9926147
8756292
9542931
8675540
9374947
9294173
9161574
9228784
8803541
8861048
8773272
8504158
8275033
8390009
8446738
8681181
7775827
7590188
7893352
7803681
7469268
8032180
7513337
7914302
7031716
6675975
7059197
