191713
48282
895415
912225
1227164
1252597
2281049
2632489
3590700
3099561
3205174
3587067
4767503
5087322
6230268
5708736
6075659
6595152
6488846
6559066
6085262
7459927
6102746
8821315
9189249
9787991
9434224
10195762
9508217
11124075
14575878
11913986
9856578
12238310
7405724
6164264
5780926
5511834
9465281
13348001
11134698
10315809
9056302
11114205
10956775
9077854
7112882
3809331
2480157
14804400
14604737
13035884
13772147
12274188
16557512
12982374
16278579
7495616
14717676
7017585
8350402
7754600
2405412
17442711
15615834
15585985
12420916
13064445
12209501
14142219
10230066
9937085
10741519
9469548
12160348
12406699
8622058
9328007
8215950
9874824
8890813
9446372
8530889
8491467
10271764
9861657
6788766
11565635
7096409
6040851
7060551
12675613
10076190
6952304
6649483
7454987
6959165
15110607
5842574
5578224
4441100
9733967
5312052
4564771
5426447
5506231
5169483
5967531
6011606
5063325
4461217
4229210
4962860
3746565
3186493
3018143
3899798
3950100
4373721
2640211
3326805
2602314
3177860
3927132
1986939
2431756
2997086
2001879
2791156
4297154
5853563
4928586
4491224
3810816
3750199
3328132
2440330
2668188
2188711
