21025
9032
248629
326958
423484
520056
624096
722587
806793
949909
948004
1083130
1130374
1240277
1392128
1501734
1625476
1674104
1807949
1985661
1882245
2072441
2186958
2401379
2498694
2516743
2647003
2697386
2796681
2949945
3095590
3090204
3131674
3347345
3325977
3487038
3276561
3354383
3397401
3607254
3725743
3790471
3780636
3782287
4050157
3977617
3704048
1442601
1556358
4657053
4636667
4724816
4940636
5249187
4866652
4393513
4127994
3431447
4459416
3538672
4104261
4404316
2077500
4802103
5046135
6099297
6654187
7324560
7292747
7172308
6779298
7305008
7566271
7277540
7629333
7960963
8097934
7940503
8044544
8088172
8234324
8555151
9033886
6959093
8530629
8589018
6999775
6885020
2569448
7236947
8529855
8074870
9247027
10465684
9350934
9695674
8944769
9931656
7170166
9507174
7609423
9510016
8709531
6296204
7325037
8111474
8650235
9522694
8081357
9207178
9337735
10933943
11479309
9345264
10995888
11058949
7538401
9607227
10219956
10434927
11498281
11491511
11726600
11340241
11001260
11286822
10846195
10609216
10977169
8097919
7381700
8251704
8793916
8093901
8832663
9779880
9442401
9533645
9930257
