25065
15556
224803
292224
400924
551995
548716
666139
969028
864820
924811
1012147
1178784
1229208
1372603
1511472
1617369
1759425
1751500
1852944
1927156
2101699
2250662
2315875
2424240
2604537
2847158
2849654
2837995
2989828
3016353
3160900
3194745
3216652
3517790
3195600
3337065
3335688
3631684
3766080
4063204
3993552
3932467
4089720
4042262
3873835
4008057
1817145
1522665
4813156
4746057
4951972
5085628
5318491
4689609
4118342
4098244
3451190
4426248
3792403
3937920
4427707
1798550
4763428
5670782
6344942
6551899
6940449
7220568
7107182
6954782
6950337
7820188
7278729
7718654
8555956
8376316
8513539
8627899
8219246
8679403
8920411
9116616
6454564
8712638
8592878
7316246
7354406
3826492
7121332
8368910
8644281
9335817
10238366
10772088
9335673
8790936
11566560
7275974
9288758
8478187
11483222
9310555
6538800
12650995
12160348
13021915
12964723
13341739
13342833
13043596
13243200
13690848
13458024
13608302
13523952
13946284
14180203
14281713
14521680
14181408
14741788
14282779
14604518
14533108
14158824
13359379
14107732
14353008
15398803
15289900
16024483
15863376
15873278
14080636
13770571
15067396
15532516
15899980
