9532
10198
14865
15843
17599
14065
22154
14932
16287
17466
14688
15177
16443
19110
20066
23198
14888
16266
15999
14932
16710
21222
22266
18976
16933
17331
17354
18531
18910
24109
21243
18531
16821
17733
20354
16198
17865
19221
21310
18822
24709
16554
17799
21554
16354
24909
17732
17466
20688
19755
20533
17709
19821
26377
17331
17865
19332
19044
19711
17155
23154
23176
24532
18732
22132
17599
15399
20865
16466
20221
17331
22642
18998
18666
19288
19687
20420
20176
17577
16198
18466
25288
19933
20444
19244
16022
22376
21066
210481
16354
18421
17643
18220
26821
18733
18577
18398
19754
19510
17066
20755
21843
15066
24510
18621
18843
21154
17066
20043
18310
25021
16533
16666
22110
16177
16777
20466
17332
24644
16821
17043
15822
15666
16711
16399
16155
19866
19310
20065
18666
16599
16555
16198
16111
17288
30110
17110
16288
15222
