29498
18727
360923
379713
512482
552152
1390055
948202
1300403
1193126
1229712
1476793
1583355
1836646
2044112
1974642
2350888
2251904
2497681
2462437
2042553
2688005
2098542
3135171
3662299
3276833
3490888
3576454
3275749
3844005
3745857
4034968
3357450
3164670
3192755
2089308
1897018
1878549
3181569
3650422
3795939
3188738
3218551
3798292
3874302
3021430
2219881
1240032
744808
5415840
5214528
4708524
5925571
6075879
3955082
4074835
3920889
2006418
5074300
2295594
2684887
2922220
634533
4735726
6705201
7350629
7115229
7526905
7086710
7440795
6030726
6328809
8185775
5089917
7582079
7831611
9907759
9845413
8321224
7492919
9066965
9225187
7495247
2772083
7457199
7482556
4320644
5346803
1311187
2838061
4051977
8076235
6752886
5466457
4988472
4004356
3884177
8692103
2824509
2956279
2399784
9450552
3996835
2027804
11045455
12037827
12870999
13745131
12838239
12318001
13518793
13279060
13325270
11812440
11781695
10599779
16323591
15279652
14993570
13580731
13283553
11575183
10641575
10665400
10247632
8497576
8746689
8913856
9341933
12022903
13211245
16178212
16026783
12207325
10863126
10517115
10104306
9729146
10154248
