17220
13574
14389
18673
14716
14775
26997
15304
18690
17379
15556
15573
15783
20722
19471
26300
15632
16539
17766
17211
18883
19983
22957
20916
15666
18270
19773
17144
17564
23116
17497
17480
16195
17824
18270
17858
17925
19437
25611
17757
20991
16212
19219
17152
17530
23167
19832
18740
21319
20949
17589
17220
20084
20790
17816
19731
19740
19647
17850
18286
21814
21134
23276
21949
21613
17690
17732
22495
18681
19387
18421
23158
20748
20185
20664
24351
20823
22167
19328
20613
19336
23520
21428
21848
20025
18261
24696
22302
193141
18891
19328
20697
22444
26409
20857
20025
18387
22251
22033
19227
25460
21487
22621
18219
20470
21235
21991
21529
21058
22436
29761
24049
21646
29131
24830
24822
28702
25334
31575
26283
30920
24225
20748
24998
22696
21201
25334
23419
26376
25737
22747
21109
27535
27274
25796
37758
28518
21940
27266
