21456
9493
244909
329398
414527
534757
628352
715638
892933
919018
962021
1076568
1155551
1223582
1392470
1550585
1637752
1680725
1772832
1869195
2023248
2023501
2268024
2251433
2394831
2479573
2578570
2622748
2682938
2846990
2951522
3005551
3098908
3335590
3404707
3267990
3432637
3415093
3625154
3542600
3777719
3778508
3844530
3942902
3770934
3935655
3356913
1782817
1524723
3934584
4522165
4663392
4165938
4693910
5190709
4960932
4664984
3663902
4047002
3982170
3926906
4197826
2386112
4637426
5005408
4958254
5052310
4786970
5772770
4959533
6566067
6140931
5991030
6091886
5013384
4967479
5728353
5087189
6806796
5176335
6375708
6145127
6982350
5980093
6105695
6512425
7134796
5634163
6027605
7176504
7578964
6207251
7222513
6525311
6680971
6361244
7002974
5505034
6974598
7603159
6800829
6418279
7719089
6470508
5313409
5099271
5151470
6198888
4612145
5712119
5700825
7004968
7096792
5697075
6388891
6611377
6201344
6862730
6387165
5948146
6605752
5532145
6251980
6813745
5737415
5500912
5954068
5039097
6156823
4892916
2825890
4736318
5406484
4255278
4905251
5249812
4842457
4725054
5141679
