20251
9419
248689
320277
418485
509327
747526
710862
805335
920461
964253
1084603
1157351
1330867
1374614
1594659
1597070
1663450
1780540
1871457
1950708
2040717
2162257
2293603
2370398
2544941
2540239
2688548
2725896
2854251
2953962
3087882
3081975
3214243
3264672
3268734
3419736
3128237
3561989
3587344
3786186
3681892
3813610
3967528
4007436
3660033
3648427
1922838
1703298
4344320
4690622
4801463
4932645
5241197
5048813
3910731
4126104
3562316
4373157
3504076
4184047
4119289
1796670
4699967
5650293
6471758
6535087
6931922
7093548
7055753
6799535
7045650
7708390
7185046
7709476
8274485
8378124
8284529
8391948
8001958
8456214
8855296
8911245
6041324
8808751
7953419
7071720
6978243
2557544
7246812
8561222
8937835
9852003
10206802
9699870
9235048
8962149
11116803
7020562
9065104
7985857
11527431
8839627
6747187
12005764
11888986
12352170
12578064
12946522
12743053
12797975
12813123
13576958
12442879
13517631
13404290
13334563
13430554
13871552
14022599
14039473
14116477
14020412
13793492
14358173
14364854
14447244
14075274
14320169
13988048
14158900
13759863
14932571
14959191
14485560
14134541
13869915
14203927
14908896
