17892
15514
14943
19446
14985
15279
27090
15388
19849
17203
16573
16111
15640
20386
19252
24679
15708
16581
16791
16464
18572
19412
21756
20420
16884
18320
20714
18152
18169
22915
18706
18118
18102
18261
18152
18387
18765
18841
26124
18916
20563
18102
18866
18370
24242
25284
21453
23805
17480
19941
18102
17866
18421
23402
17539
19563
19765
19546
18228
19126
21277
21319
25166
20538
21218
17866
19042
22075
18606
22260
18261
23898
19924
19429
21873
20143
20445
20269
20092
19756
18656
22369
19866
22033
167974
22159
23536
164144
22310
20588
17715
26376
20924
24990
20470
20529
25561
252831
21520
20504
22066
66082
18538
20050
26821
19404
288178
21680
28106
23032
352354
22537
20008
24628
19143
21008
57027
23872
28904
23688
18085
21058
24074
26107
21369
24402
225976
206102
254427
194014
21772
21756
18051
21000
35137
39270
20664
24267
17984
