58997
37455
721847
759426
1024965
1104304
2780111
1896405
2600806
2386253
2459425
2953586
3166710
3673293
4088225
3949285
4701777
4503809
4995362
4924874
4085106
5376010
4197084
6270342
7324598
6553667
6981777
7152909
6551498
7688011
7491714
8069937
6714900
6329340
6385511
4178616
3794037
3757099
6363139
7300845
7591878
6377476
6437103
7596585
7748604
6042861
4439763
2480064
1489617
10831680
10429056
9417048
11851143
12151759
7910165
8149671
7841778
4012836
10148600
4591188
5369775
5844440
1269067
9471453
13410402
14701259
14230458
15053811
14173420
14881590
12061453
12657618
16371551
10179834
15164158
15663222
19815518
19690827
16642449
14985839
18133931
18450375
14990494
5544166
14914399
14965112
8641289
10693606
2622375
5676122
8103955
16152471
13505773
10932914
9976945
8008713
7768354
17384206
5649018
5912559
4799569
18901104
7993671
4055609
22090911
24075654
25741998
27490263
25676478
24636003
27037586
26558120
26650541
23624880
23563390
21199558
32647182
30559304
29987140
27161462
26567106
23150367
21283150
21330801
20495265
16995152
17493378
17827713
18683867
24045806
26422490
32356424
32053567
24414651
21726252
21034230
20208613
19458292
20308497
