116668
28757
503731
549578
647203
1068086
1554114
1535882
2196811
1646531
1831448
2165377
2398625
2901332
3120204
3179835
3462475
3575760
3646992
3659175
3384009
4299221
3102694
4855483
5051263
5115940
5275587
5551730
5320218
8575505
6110835
6744920
5275446
5126751
5973637
3634445
2637227
3229918
5063898
6468205
6649946
5839812
5350571
6432332
6644270
5118929
3589663
1928423
1224432
8863702
9762812
7892247
10188596
9988695
6793485
8358047
6758777
3374404
8577855
3749829
4880296
4662708
927192
7968890
10945997
12397030
12898692
14230552
11396064
12171531
10258123
11756770
14456144
8765692
12254540
12319868
12523428
12474873
12553854
12676562
11571968
11634910
11894650
5444500
11850019
11043206
7491822
8699991
2086229
4806486
7086936
13058266
10754765
8298837
6755845
7356723
6385128
9324980
4789782
5674448
3540552
10771922
5359391
3985292
9639766
9828514
8662891
9723176
8626857
8941368
8288063
6847124
6440295
7047810
6394723
6461921
7724072
6805201
6208491
6894229
5265093
6087577
4695447
5682489
5466969
4681580
5288768
6517238
4201643
6587337
7436463
6493896
5998076
6075503
6277758
6214234
5510015
5256117
4867604
