122454
250326
877601
1316445
1900514
2363600
2861421
2057152
2670531
2937388
1780872
2429712
2256770
2058594
3051047
4468149
1765968
5085508
5437759
1862568
5502078
1592588
5043852
7198161
8141181
8684673
10900008
8868379
11929383
12447850
11654444
10944951
13715383
9199748
14926862
14833215
13719343
15584492
10311819
11306002
15922149
15640429
10309351
8274348
13302663
17671765
19176882
15358311
16617559
10578219
13906406
9480726
7282545
11400205
18367508
12892034
14202643
20736704
25141747
25402788
21837678
25689343
24428144
25743244
27877659
26594500
23481173
23961667
29461448
29481745
22959344
17750319
16790818
22031613
32428338
34382279
19006402
18951412
25596823
32116808
