21680
15338
21705
106092
23889
21008
29794
21117
21344
20966
25964
23142
24570
22310
24351
21436
23503
22243
24066
23494
25250
23041
23763
24469
21697
26754
24175
25720
24964
24838
26636
26569
23898
23881
84000
21882
22923
329868
377470
507007
463461
473785
68082
424645
428316
520564
144412
426997
172578
295579
275402
496792
553660
356571
247732
25258
24880
504520
26518
482613
25552
24099
322240
487536
24301
24662
373178
424762
450273
21268
268909
633418
27988
24284
26014
23755
23881
24906
240315
27980
