61227
125163
438800
658222
950257
1181800
1430710
1028576
1335265
1468694
890436
1214856
1128385
1029297
1525523
2234074
882984
2542754
2718879
931284
2751039
796294
2521926
3599080
4070590
4342336
5450004
4434189
5964691
6223925
5827222
5472475
6857691
4599874
7463431
7416607
6859671
7792246
5155909
5653001
7961074
7820214
5154675
4137174
6651331
8835882
9588441
7679155
8308779
5289109
6953203
4740363
3641272
5700102
9183754
6446017
7101321
10368352
12570873
12701394
10918839
12844671
12214072
12871622
13938829
13297250
11740586
11980833
14730724
14740872
11479672
8875159
8395409
11015806
16214169
17191139
9503201
9475706
12798411
16058404
