14790
122030
233184
308328
429823
492647
705163
733241
898380
1041852
1199804
1365984
1472137
1543859
1847024
1965365
2197106
2223816
2208921
2534540
2622882
2973842
3046501
3228067
3421611
3443737
3614069
3830945
3855884
4342713
4411369
4319396
4276541
4414568
4774590
5180308
5589910
5643299
5598972
5642138
6427624
6471698
6407610
6811677
6552244
7146938
7209955
7656280
7568220
8138229
7708941
6616615
8187943
7852786
8383511
8262477
8026882
9333137
8011912
9806946
8896216
8648642
9134415
6702502
9447505
8552934
7096242
5956225
4922452
5427182
5484113
5448014
6137122
5905529
5404460
3079877
3639573
4465324
3624440
3157536
