426303
415037
2042973
2784335
3532914
4639011
4785016
5666552
6381243
6809081
7739216
8460718
7963104
7742869
10412226
11650201
12308630
11683405
8184904
13522895
12636171
13931517
13742170
12691404
11784405
11855685
10830827
10830075
9294694
10383783
10960765
9556361
9015850
8263678
8438859
7114684
6878767
7998309
5854107
2836399
2110897
2171000
1477951
1142915
2507373
1282050
2267832
1004760
1309195
2177208
3900402
1891414
946964
728184
1411561
816165
1265843
146262
3617757
256330
1275615
1545835
701434
153172
528947
236233
149183
628848
1106226
11013997
1566358
177655
242104
11513581
10067844
302425
278536
255558
158211
166389
