244908
500652
1755202
2632891
3801028
4727200
5722843
4114305
5341063
5874777
3561745
4859424
4513540
4117189
6102094
8936298
3531937
10171017
10875519
3725136
11004156
3185176
10087704
14396323
16282363
17369347
21800016
17736759
23858766
24895701
23308888
21889903
27430767
18399496
29853724
29666430
27438687
31168984
20623639
22612005
31844299
31280859
20618703
16548696
26605327
35343531
38353765
30716622
33235119
21156439
27812812
18961452
14565091
22800411
36735016
25784068
28405287
41473408
50283495
50805576
43675357
51378687
48856288
51486489
55755319
53189001
46962346
47923335
58922896
58963491
45918688
35500639
33581637
44063226
64856677
68764558
38012805
37902825
51193647
64233616
