14587
124473
231163
315028
482155
562953
793454
793713
1003752
1150041
1351699
1602691
1674403
1885939
2074420
2275502
2808100
2572819
2788200
2831932
3208104
3615192
3574843
3588134
4028184
4406788
4348612
4060454
4712817
4390128
4977619
4506177
4899369
5000659
4442515
4598884
3992025
4249656
3682324
4182091
3927499
3566404
3576945
2613340
3479601
2749665
3495499
2883240
3861172
3632673
3800174
3964348
2295648
2748254
3125174
3209659
4049395
2699611
4427697
1591588
2694211
3915475
2121638
2177755
2355393
2260065
1350086
2886796
4146681
5000385
3723364
2561040
2453688
4206009
4846435
1015214
1582977
2452579
832348
1051761
