14990
122443
218246
296208
410371
478008
670420
708134
850060
1054440
1158033
1276545
1437206
1535198
1785801
1859947
2117779
2203718
2204971
2517595
2541643
2902147
2846577
3034872
3531657
3258878
3392913
3716395
3928622
4293864
4374302
3357201
3688776
4514558
4871304
5168304
5009572
5405371
5542747
5769000
5310273
5442408
6203217
5629896
5809680
5363582
5338425
5393764
5265072
5287622
5270947
5141908
4047624
3444076
5200948
4355683
4945392
3378729
3364704
2912385
2694340
2563992
2771251
3872116
2972260
4381156
5732798
2767334
5832388
2765779
5265158
6732864
4654987
7251120
5401152
1626969
1251979
5947704
3882801
4196692
