101813
138918
711309
1028590
1591557
1639686
2282877
2609867
2756681
3488582
3670432
3974808
4152173
3554824
5316190
5533565
5635670
5289911
4047568
6337940
6253720
8542746
7619165
7229400
9164502
7603407
4922682
10409048
6586209
10560197
10949079
3924782
4432984
7236266
9699953
10993434
10422001
9282901
9950712
9227953
9565608
11614780
10119537
6783849
9957479
6260217
7588272
7652378
6314447
4798695
6474234
4046783
3570490
759230
2594196
701121
2205819
1384790
1779010
690326
736371
241195
514204
876620
386803
977639
880061
57151
862306
61528
799105
2321416
1668231
5304069
1002337
64495
65213
547130
105737
71029
