57820
75255
358223
539351
938423
1105664
1262453
1568143
1607707
1623592
1965563
2167311
1981119
2043402
2756689
3001684
3027125
2989228
1854626
3399210
3187154
4259675
4014062
3685347
4620289
3890172
3009897
5310154
3051271
5605295
5374759
2494520
2861224
3187630
4951949
6218587
6114323
5300514
4476220
5679189
7570779
7677308
5809733
7716893
7087152
8106524
7344776
8706252
7100530
8099859
6893361
3087467
6874048
5029159
6278803
7605916
6007601
6458142
6071433
8286062
4233179
7441929
4003534
4233705
6254127
5044983
2129798
936627
289644
1021939
1466153
994967
966473
425455
402028
515595
199387
712943
94555
32672
