19550
141801
242769
328699
406569
480936
669691
741523
926044
915705
1051449
1142246
1177176
1393776
1697860
1899806
1482360
2212713
2229028
1992326
2538403
2013676
2441908
3000537
3309465
3663801
3646540
4202966
4035019
4504756
4601913
4611840
5113099
4827628
5421686
5620430
5571902
6207600
5638857
5687035
6320217
6458116
6402259
6377894
6964051
7287019
8025216
7680782
7859160
7545792
7686230
6724416
6763982
7557134
9891945
8963750
8514888
9968299
10161211
9933297
10102296
10917753
11460201
11601139
11109403
11578934
10937227
11387750
12221083
12484209
11959593
11966563
11911468
12684576
13550856
13456180
13130409
12616699
14120990
14077574
